Offspring 1323-1 1323-2 231-1 231-2 7294-1 7294-2 4717-1 4717-2 689-1 689-2 4166-1 4166-2 284-1 284-2 3595-1 3595-2 157-1 157-2 2664-1 2664-2 1671-1 1671-2 590-1 590-2 12984-1 12984-2 
01b_28_03_Plate4_H7 286 294 329 349 125 147 199 244 311 313 236 242 284 332 214 228 193 201 268 280 253 253 308 324 194 208
01b_20_02_Plate7_H6 286 286 389 389 115 125 202 310 319 325 186 236 284 336 224 228 193 201 256 280 249 253 308 312 194 211
01b_20_05_Plate7_G12 278 286 389 389 117 125 202 316 311 325 186 236 336 336 228 228 193 201 268 268 253 253 308 308 208 211
01b_20_03_Plate5_G7 286 294 329 349 117 125 202 310 247 325 224 236 284 284 214 218 193 201 268 280 253 253 308 312 194 208
01b_32_04_Plate3_G5 294 294 329 389 125 125 202 310 313 325 236 238 284 336 214 228 193 201 268 316 253 269 312 348 190 211
01b_36_03_Plate7_F10 290 294 329 389 125 125 202 312 313 325 236 242 284 284 214 214 193 201 268 316 249 253 308 308 190 208
01b_24_04_Plate4_F1 286 294 329 338 125 125 199 262 311 339 224 236 284 336 214 214 193 201 256 280 253 265 308 312 190 208
01b_28_01_Plate4_D7 286 294 389 389 123 125 199 310 311 325 236 247 284 284 214 224 193 201 268 268 249 253 308 312 190 211
01b_20_04_Plate3_D4 286 286 329 329 125 125 202 222 325 331 186 236 284 284 214 214 193 193 280 310 253 261 308 308 208 211
01b_36_04_Plate5_C8 278 294 329 389 125 125 199 222 311 327 224 236 284 284 228 230 193 201 268 268 253 269 304 312 190 211
01b_40_02_Plate2_C6 290 294 329 389 125 147 202 234 317 325 236 236 284 336 214 218 193 193 268 280 253 253 308 312 194 208
01b_32_01_Plate7_C4 294 294 338 389 117 125 199 312 311 311 224 236 284 284 214 214 201 209 268 280 249 253 308 308 194 211
01b_36_02_Plate6_C3 286 294 389 389 125 125 202 202 325 325 236 238 284 284 214 214 193 209 256 280 0 0 0 0 0 0
01b_28_02_Plate3_C3 294 294 389 389 125 151 199 199 311 311 224 236 284 284 214 214 193 205 268 280 249 253 308 308 194 208
01b_24_03_Plate6_C2 286 286 329 329 125 125 199 310 311 311 236 238 284 284 214 228 193 201 256 268 253 253 0 0 0 0
01b_28_04_Plate2_B12 286 286 329 389 117 125 202 310 290 325 236 242 284 332 214 228 193 201 268 280 253 253 308 312 194 208
01b_36_01_Plate2_B4 286 286 329 344 125 147 199 283 311 311 236 238 284 284 214 230 193 201 268 268 245 253 308 312 194 208
01b_40_04_Plate4_A11 286 294 349 389 125 147 199 222 311 311 236 242 336 336 214 214 201 201 256 268 249 253 312 345 194 211
01b_40_03_Plate3_A9 286 286 329 389 117 125 202 222 311 325 236 238 336 336 228 230 201 209 268 316 253 253 308 324 194 211
01b_24_02_Plate6_A7 286 294 329 329 125 125 199 238 311 327 236 247 336 336 228 228 201 201 268 268 253 253 308 308 0 0
01b_32_02_Plate3_A7 290 294 389 389 125 127 202 202 245 325 236 236 284 284 214 218 201 201 256 268 249 253 312 312 190 211
01b_40_01_Plate3_A4 286 286 344 389 125 151 199 199 325 325 236 238 336 336 228 228 197 201 268 274 253 253 312 312 208 208
01b_32_03_Plate1_G3 294 294 329 389 125 147 199 310 311 323 236 238 336 336 214 228 193 193 268 268 253 273 308 308 198 211
01b_24_01_Plate1_A2 286 286 329 389 125 125 202 222 307 325 236 242 327 327 214 214 201 205 268 268 253 257 308 308 194 208
01b_20_01_Plate1_H1 286 294 329 329 125 125 199 222 311 334 186 236 284 284 214 228 193 209 256 268 253 269 312 312 198 211
02a_32_04_Plate6_H11 290 294 329 357 125 127 310 310 313 327 224 242 284 284 214 214 201 201 256 268 249 253 308 324 190 194
02a_32_03_Plate6_H5 294 294 357 389 125 125 310 310 313 317 186 224 284 336 214 214 201 201 256 316 249 261 312 312 194 208
02a_24_05_Plate4_H1 290 294 338 389 125 127 310 310 325 327 236 242 336 336 218 234 201 201 256 256 249 273 308 312 194 208
02a_24_04_Plate5_G11 294 294 389 389 125 129 310 310 311 325 186 224 332 336 214 214 201 201 256 316 249 249 312 312 190 194
02a_28_10_Plate7_G10 294 294 338 357 125 129 222 310 313 317 186 242 284 336 214 214 201 201 256 262 249 265 312 312 196 208
02a_28_03_Plate3_G1 294 294 357 389 117 125 238 310 317 325 242 242 284 284 214 228 201 201 256 256 249 249 312 324 194 208
02a_24_12_Plate6_F5 294 294 357 361 117 125 310 312 313 325 224 238 284 284 214 224 209 209 294 316 249 269 308 324 0 0
02a_24_02_Plate4_F5 294 294 329 389 125 125 310 310 313 317 186 242 284 284 218 230 201 205 256 268 249 249 312 312 198 208
02a_28_08_Plate2_E11 294 294 338 357 123 125 310 310 313 313 242 242 284 284 214 214 201 201 256 256 249 265 312 312 194 208
02a_28_05_Plate4_E4 294 294 329 389 125 125 310 310 325 325 224 224 332 336 218 218 209 209 268 316 249 269 312 324 190 208
02a_24_11_Plate3_E3 286 294 349 389 117 125 310 310 245 325 242 242 284 336 214 228 201 201 256 316 249 269 312 348 190 208
02a_32_05_Plate7_E1 286 294 389 389 117 125 310 312 313 331 224 224 284 336 214 214 201 201 268 316 249 273 308 324 194 208
02a_24_06_Plate4_E1 294 294 329 357 125 125 222 310 305 313 186 242 284 336 214 218 197 201 256 268 249 253 312 324 198 208
02a_24_08_Plate5_D10 278 294 389 389 125 125 310 310 245 313 224 238 284 284 212 218 201 201 256 316 249 249 308 312 194 194
02a_24_10_Plate7_D4 290 294 329 357 125 151 226 310 313 319 242 242 284 284 218 218 201 201 256 256 249 249 312 312 194 194
02a_28_09_Plate5_C12 286 294 361 389 125 147 216 310 325 331 186 242 336 336 218 234 201 201 256 298 245 249 312 312 190 194
02a_24_03_Plate6_C9 278 294 329 357 125 125 310 310 325 331 224 242 284 284 218 224 201 201 256 268 249 269 312 312 196 208
02a_28_06_Plate3_C8 286 286 389 389 123 125 304 310 247 247 242 242 332 336 214 234 201 209 268 268 249 253 308 308 190 194
02a_24_07_Plate3_B12 294 294 329 357 125 125 310 310 257 313 236 242 284 332 218 228 201 205 256 256 249 249 312 312 194 194
02a_28_07_Plate4_A10 294 294 349 357 125 129 310 312 313 331 224 224 284 284 214 224 189 201 268 316 249 261 312 324 208 208
02a_24_09_Plate3_A6 290 294 349 389 117 125 222 310 313 313 224 236 284 336 218 222 193 193 294 316 249 249 312 324 190 194
02a_28_04_Plate6_A1 286 294 329 357 125 125 307 310 325 325 224 224 284 336 214 230 193 201 256 316 249 249 312 324 208 208
02a_28_02_Plate1_A7 286 294 357 389 117 125 310 310 247 325 224 224 284 336 214 218 193 193 256 316 249 249 308 312 194 194
02a_28_01_Plate1_F8 294 294 389 389 125 127 220 310 313 319 224 238 284 336 214 228 193 201 256 316 249 269 308 324 190 194
02a_24_01_Plate1_C5 290 294 357 389 117 125 238 310 307 313 238 242 284 284 214 214 201 201 256 268 249 249 308 324 194 208
04a_36_01_Plate4_H12 286 286 329 389 117 125 234 310 317 317 224 247 284 336 214 214 193 201 256 316 253 253 308 312 198 198
04a_24_02_Plate2_H11 286 294 329 349 117 131 310 310 257 327 238 247 284 336 218 224 193 201 256 268 269 273 308 312 190 194
04a_24_05_Plate5_G12 286 286 329 389 115 117 222 310 257 331 186 247 284 336 214 214 193 201 256 256 249 269 308 312 190 198
04a_32_02_Plate6_G6 286 286 329 389 117 117 310 312 257 317 224 247 336 336 214 224 193 201 256 268 249 269 312 353 190 190
04a_36_03_Plate5_G6 286 286 329 344 115 117 310 310 257 311 238 247 284 336 214 214 201 205 256 256 249 269 308 312 190 198
04a_28_05_Plate5_E10 286 294 329 389 117 117 310 312 257 317 236 247 284 284 214 224 193 201 256 256 253 269 308 312 190 198
04a_40_02_Plate2_D12 286 286 389 389 117 125 310 312 250 317 224 247 284 336 224 230 193 201 256 256 253 265 312 312 198 198
04a_36_05_Plate4_D11 286 286 329 389 117 127 310 310 257 325 224 238 284 336 214 214 193 205 268 310 249 253 308 312 190 194
04a_28_04_Plate5_D8 286 286 329 329 117 151 310 310 257 305 186 247 327 336 224 224 193 201 256 268 249 253 312 312 190 198
04a_28_01_Plate7_D2 286 286 389 389 117 125 310 312 317 317 224 238 284 284 224 224 201 205 256 310 253 273 312 312 190 208
04a_28_03_Plate2_C11 286 286 338 389 117 127 310 310 257 311 224 238 284 332 214 214 193 205 310 316 253 269 312 324 190 194
04a_36_04_Plate5_C10 286 286 329 389 117 117 202 310 317 334 186 247 284 284 224 230 193 205 256 294 269 273 308 312 190 198
04a_32_05_Plate2_C1 286 286 329 357 117 125 222 310 317 317 186 247 336 339 214 218 193 193 256 268 245 253 308 312 190 194
04a_32_01_Plate7_B8 286 286 329 389 117 125 310 310 257 319 224 247 284 336 214 214 193 201 256 268 249 253 308 312 190 194
04a_40_03_Plate3_B8 286 286 329 349 117 125 310 310 257 311 238 247 284 284 214 214 193 201 256 268 249 253 312 312 198 208
04a_32_03_Plate6_B2 286 286 389 389 117 129 310 312 311 317 224 236 284 336 214 230 193 197 268 310 265 269 308 312 198 198
04a_28_02_Plate4_A12 286 286 389 389 117 129 310 310 257 257 247 247 284 336 218 224 197 205 256 256 253 253 312 324 190 190
04a_32_04_Plate5_A9 286 286 349 389 117 117 222 310 247 317 224 238 284 284 218 224 201 205 256 310 253 273 312 312 190 190
04a_24_04_Plate5_A6 286 286 329 349 117 125 287 310 311 317 186 247 284 336 224 230 201 205 256 256 249 269 312 312 198 208
04a_36_02_Plate2_A2 286 286 329 389 117 151 202 310 245 317 224 242 284 284 214 214 193 205 268 310 253 253 312 312 190 194
04a_40_04_Plate5_A1 286 286 329 344 117 125 310 310 257 257 186 247 332 336 214 224 193 205 256 256 249 253 308 312 198 208
04a_24_01_Plate3_A1 286 286 329 389 117 125 202 310 257 313 242 247 332 336 214 226 201 205 256 256 249 269 312 312 190 198
04a_40_01_Plate1_C3 286 286 389 389 117 125 226 310 257 339 224 247 284 284 214 230 193 193 256 316 253 273 308 312 190 208
04a_24_03_Plate1_F10 286 290 349 389 117 151 240 310 257 323 224 238 336 336 214 224 193 201 256 256 249 269 308 312 190 194
05b_28_04_Plate6_H12 286 286 344 349 117 129 222 244 245 313 224 242 284 284 214 218 201 201 256 256 249 249 308 324 190 194
05b_28_05_Plate6_H7 286 294 344 357 117 125 222 222 313 313 242 242 284 332 214 218 193 209 256 268 249 253 312 324 190 194
05b_32_05_Plate6_H4 286 294 349 349 117 125 310 312 245 313 238 242 284 332 214 218 193 193 256 268 214 249 308 312 190 198
05b_40_02_Plate6_H1 286 294 349 349 125 125 268 312 313 313 224 242 332 332 214 218 193 193 256 256 249 249 312 312 198 198
05b_36_06_Plate6_G8 294 294 349 389 117 125 222 312 257 313 224 242 284 332 214 214 201 201 268 310 214 269 312 312 190 194
05b_36_03_Plate2_F12 286 286 344 389 125 125 262 312 245 313 238 242 332 332 214 214 193 209 268 268 214 253 308 324 198 198
05b_36_07_Plate2_F6 286 294 349 349 117 139 222 312 305 313 224 242 332 336 218 230 193 209 256 256 249 269 312 324 198 198
05b_40_06_Plate3_F4 286 286 329 344 117 147 222 307 305 313 224 242 284 332 218 218 189 209 256 268 214 273 308 312 198 208
05b_32_03_Plate6_E5 278 286 349 389 125 147 310 312 307 313 186 224 284 332 214 214 193 209 256 316 214 269 308 312 198 198
05b_32_02_Plate5_E3 286 286 344 349 117 117 310 312 313 319 186 224 284 336 216 218 193 209 256 316 249 253 308 324 194 198
05b_40_05_Plate7_D12 286 286 344 389 117 117 216 222 311 313 238 242 284 284 218 230 201 209 268 268 249 249 312 312 194 198
05b_32_06_Plate3_D10 286 286 349 389 117 125 222 312 245 313 236 242 332 336 214 218 193 209 256 268 249 249 312 324 190 190
05b_28_06_Plate2_D9 286 286 344 349 125 125 312 312 313 325 238 242 284 284 214 218 201 209 268 268 249 249 308 324 190 194
05b_36_01_Plate2_D5 286 294 329 349 117 129 222 265 313 325 242 242 332 332 214 218 201 209 256 268 214 249 312 324 194 198
05b_36_05_Plate4_D2 286 286 344 349 117 125 240 312 311 313 238 242 284 336 214 218 201 201 268 268 249 253 308 324 190 194
05b_40_04_Plate4_C7 286 294 349 349 117 125 310 312 311 313 186 242 284 284 214 214 201 209 256 268 214 249 312 324 190 198
05b_32_01_Plate5_C5 286 286 344 389 117 117 312 312 313 325 186 224 284 284 214 218 201 209 256 316 214 261 308 312 194 198
05b_28_02_Plate4_B10 294 294 329 349 117 127 216 222 313 325 224 249 284 332 214 218 201 209 256 256 249 249 312 324 194 198
05b_40_01_Plate2_B7 286 294 344 344 117 117 222 222 245 313 224 238 332 336 214 214 201 209 256 268 249 253 308 324 194 198
05b_36_04_Plate2_B6 294 294 329 349 117 125 222 310 257 313 224 242 284 284 214 214 201 201 268 268 249 253 304 324 190 198
05b_28_07_Plate5_B5 286 294 329 349 125 125 222 312 313 325 224 224 284 336 214 214 197 197 256 268 249 269 312 312 190 194
05b_28_01_Plate7_B4 294 294 349 349 123 125 222 310 257 313 186 242 284 336 214 218 201 209 268 268 214 269 308 324 198 208
05b_36_02_Plate3_A12 286 286 344 357 117 125 222 312 313 325 236 242 284 332 218 218 201 209 268 268 214 249 312 324 190 194
05b_40_03_Plate3_A11 286 294 344 344 125 147 222 312 257 313 224 249 332 336 214 218 201 201 256 268 249 249 308 312 190 198
05b_32_04_Plate1_H5 286 286 344 344 117 151 222 310 311 313 224 224 332 332 218 224 193 209 256 268 249 253 312 324 190 198
05b_28_03_Plate1_D4 286 286 344 361 117 125 222 310 313 319 224 238 284 332 214 216 201 209 256 268 214 253 312 324 190 213
06a_36_03_Plate4_H11 290 294 329 389 125 147 214 222 307 311 186 224 284 284 214 224 193 193 316 316 218 269 308 308 190 194
06a_32_02_Plate6_H8 286 286 329 389 125 147 222 310 257 315 242 242 284 284 214 214 201 201 268 268 214 218 308 308 208 208
06a_36_02_Plate4_H6 286 294 329 349 125 147 222 222 311 311 238 242 284 284 214 214 193 213 268 268 218 249 308 312 190 208
06a_40_01_Plate3_G12 278 294 329 393 125 129 222 310 245 311 224 242 284 284 214 228 193 193 256 268 218 265 308 308 194 208
06a_40_03_Plate3_G9 286 286 329 389 117 125 222 310 311 313 186 224 284 284 214 214 193 201 256 316 249 249 308 308 194 194
06a_32_03_Plate5_G4 286 286 344 389 125 147 222 310 311 313 186 224 284 336 214 222 201 201 256 316 249 273 308 312 190 194
06a_20_05_Plate3_E7 286 286 357 389 125 125 222 310 250 311 242 249 284 284 214 214 193 201 268 268 218 218 308 308 194 194
06a_36_01_Plate5_E7 278 294 389 389 125 147 222 312 311 311 224 253 284 284 214 214 193 201 268 316 249 249 308 312 198 208
06a_28_01_Plate4_E5 294 294 349 389 125 125 222 222 307 311 238 242 284 336 214 218 201 201 268 294 249 269 308 348 194 194
06a_20_03_Plate4_D1 290 294 329 389 115 147 222 222 311 327 224 242 284 332 214 214 193 205 256 316 249 253 308 348 194 208
06a_28_03_Plate7_C7 286 294 389 389 129 147 0 0 245 257 186 224 284 332 214 228 201 201 268 316 218 269 308 308 190 194
06a_24_01_Plate5_C3 286 294 329 344 125 147 222 310 257 307 242 247 284 284 214 230 193 201 268 268 218 265 308 348 194 194
06a_28_02_Plate6_B4 286 294 329 357 125 125 222 229 311 327 224 236 284 336 214 218 193 193 256 316 249 249 308 348 194 194
06a_20_02_Plate3_B4 286 294 329 389 125 147 222 310 245 311 238 242 284 336 214 214 193 201 268 268 218 269 308 308 198 208
06a_40_04_Plate7_B2 286 294 329 389 117 147 222 310 257 311 186 242 284 336 214 214 193 201 268 310 249 273 308 312 194 194
06a_24_03_Plate7_B1 286 294 344 389 125 147 222 312 311 317 224 242 284 336 214 214 201 201 268 316 249 249 308 312 208 208
06a_24_04_Plate3_B1 286 286 329 389 125 147 222 222 311 327 232 242 284 336 214 228 201 201 268 316 218 249 308 308 194 208
06a_32_04_Plate4_A7 286 286 329 344 125 125 222 307 311 319 224 242 284 284 214 214 193 201 268 316 218 273 308 308 194 208
06a_20_01_Plate4_A6 286 286 329 349 117 147 310 310 247 257 224 242 284 336 214 214 201 225 268 268 249 269 308 312 190 194
06a_28_04_Plate3_A3 286 286 329 389 123 147 222 307 305 311 242 242 284 336 214 230 193 201 268 268 214 249 308 312 194 208
06a_40_02_Plate1_H4 286 290 344 389 125 147 222 222 245 311 186 224 284 336 214 214 193 201 286 316 249 249 308 312 194 208
06a_36_04_Plate1_D12 294 294 329 349 125 151 222 310 257 313 242 242 284 284 214 214 193 201 268 268 218 249 308 308 194 194
06a_32_01_Plate1_A11 278 286 389 389 125 147 222 310 307 311 186 242 284 284 214 214 193 193 268 268 218 218 308 312 194 208
06a_24_02_Plate1_C9 286 294 329 349 125 147 222 310 245 257 224 242 284 284 214 218 193 201 256 316 245 249 308 312 194 194
06a_20_04_Plate1_A8 278 294 329 329 125 147 220 222 311 331 224 242 284 336 214 226 193 201 256 268 214 249 308 308 194 194
08a_28_04_Plate5_H5 286 290 349 357 117 147 310 312 247 257 230 247 284 284 224 228 201 201 256 316 249 265 324 324 194 208
08a_20_01_Plate5_H4 286 294 349 349 147 147 222 312 311 327 236 238 284 284 208 218 201 201 256 268 249 265 308 312 194 194
08a_40_04_Plate2_H4 286 290 349 357 125 125 222 310 245 311 236 236 284 284 208 222 201 201 268 268 265 269 308 324 194 194
08a_40_01_Plate5_G5 290 294 349 389 125 125 222 222 257 311 238 247 284 284 214 228 193 201 316 316 249 265 308 308 194 194
08a_28_01_Plate7_G4 290 290 357 357 147 147 0 0 305 305 186 236 284 284 208 214 193 201 268 268 249 265 308 324 194 194
08a_36_03_Plate7_G3 286 294 349 389 125 125 310 312 247 336 236 242 284 327 208 214 193 201 256 268 265 269 312 324 194 208
08a_32_02_Plate7_F12 290 290 357 357 125 147 307 310 247 313 224 247 284 284 208 218 193 193 268 316 265 273 308 324 194 194
08a_24_02_Plate6_F9 286 286 344 349 125 125 222 310 311 325 238 247 284 332 228 234 201 201 316 316 241 265 324 348 194 194
08a_36_01_Plate5_F7 286 298 357 389 125 125 222 268 311 323 242 247 284 284 218 228 201 201 268 316 249 265 308 324 194 194
08a_40_04_Plate2_F7 286 290 338 357 131 147 222 222 311 311 186 236 284 284 218 228 193 193 268 268 253 265 308 308 194 194
08a_40_03_Plate5_F1 286 286 357 377 117 147 310 312 247 334 186 247 284 336 214 228 201 201 268 316 249 265 308 324 190 194
08a_24_03_Plate6_E10 286 290 329 349 125 127 222 310 311 331 224 236 284 336 208 218 201 201 256 268 249 265 308 324 194 208
08a_20_05_Plate3_E1 286 286 357 389 125 147 310 310 247 325 186 236 284 284 214 228 193 201 268 294 261 265 308 308 194 194
08a_28_02_Plate7_D9 290 294 357 389 125 151 222 310 311 325 186 247 284 336 218 228 193 201 316 316 265 269 312 324 194 194
08a_20_03_Plate7_C12 286 290 329 349 117 147 310 310 247 305 238 247 284 284 208 214 201 205 256 316 257 265 308 324 194 194
08a_32_03_Plate5_C11 290 294 349 389 125 147 222 265 311 325 236 236 284 284 208 214 193 201 256 268 249 265 308 312 194 194
08a_28_03_Plate2_C4 290 290 344 357 125 147 310 312 245 247 238 247 284 284 208 230 193 201 316 316 249 265 308 324 194 208
08a_20_04__Plate7_C3 286 286 357 357 125 147 202 310 247 311 236 247 284 284 208 228 193 201 256 316 249 265 312 324 194 194
08a_20_02_Plate2_C2 286 294 357 357 147 147 222 310 311 311 224 236 284 284 208 214 193 201 268 268 265 269 308 324 194 194
08a_36_02_Plate7_B9 290 294 357 389 125 125 222 222 311 336 186 247 284 284 214 228 201 209 316 316 249 265 308 324 194 194
08a_32_04_Plate7_A12 286 290 344 357 127 147 222 255 311 334 224 247 284 284 208 214 193 201 268 316 265 276 308 312 194 194
08a_24_04_Plate6_A3 286 290 357 393 117 125 222 316 311 313 186 247 284 284 208 224 201 201 256 316 253 265 304 308 194 194
08a_40_02_Plate1_F7 290 290 329 349 147 147 310 310 247 327 236 236 284 339 218 228 201 201 268 268 249 265 308 308 190 194
08a_36_04_Plate1_E6 290 294 349 389 125 125 262 310 247 305 186 236 284 284 208 214 193 201 268 268 245 265 308 312 194 198
08a_32_01_Plate1_D5 286 290 329 357 147 147 222 310 311 311 224 247 284 339 208 234 201 225 268 316 249 265 324 324 194 194
08a_24_01_Plate1_E3 286 290 338 349 125 147 222 307 311 325 236 238 284 284 228 230 201 201 256 268 249 265 308 312 194 208
09a_28_02_Plate6_H2 286 294 329 344 125 127 222 222 250 319 186 236 284 336 214 222 170 201 268 268 269 269 353 353 194 194
09a_32_06_Plate2_G7 286 286 329 344 125 125 222 310 257 317 236 238 284 336 218 224 170 201 268 268 245 269 308 312 194 194
09a_28_06_Plate3_G4 286 294 329 349 129 147 222 222 311 319 242 242 284 284 214 218 170 201 316 316 245 265 308 312 194 194
09a_36_02_Plate4_G3 286 286 329 389 125 147 310 310 245 317 238 242 284 284 218 224 201 225 256 316 261 265 308 353 194 208
09a_28_03_Plate7_G1 286 294 344 344 147 151 310 310 313 317 236 242 284 284 214 218 170 201 268 316 249 265 312 353 194 194
09a_28_05_Plate2_F9 290 294 329 344 125 125 222 310 317 317 236 236 284 336 214 214 170 201 268 268 265 269 308 308 194 194
09a_40_03_Plate6_E4 286 286 329 349 147 147 310 312 317 331 224 236 284 284 214 218 170 170 268 268 249 265 324 353 194 196
09a_40_01_Plate4_D9 294 294 344 344 125 125 310 312 313 317 242 249 284 336 214 214 170 201 256 316 245 265 308 312 194 194
09a_24_02_Plate7_D8 286 286 329 344 125 127 222 240 313 319 236 238 284 284 214 224 170 193 256 268 214 265 308 312 194 208
09a_32_01_Plate2_D6 286 290 344 344 125 125 222 238 257 319 242 242 284 284 214 222 193 201 268 316 265 269 308 353 194 194
09a_24_01_Plate5_D5 286 294 329 389 125 127 310 310 245 317 242 247 284 339 214 214 170 201 256 316 245 269 308 353 194 194
09a_28_04_Plate6_C1 278 286 344 344 147 155 310 310 317 317 186 242 284 284 218 228 189 201 268 316 249 269 308 312 194 194
09a_40_04_Plate5_B12 286 294 344 349 147 147 222 310 307 319 236 242 284 284 218 218 201 205 256 268 249 269 308 324 194 208
09a_32_04_Plate6_B6 286 286 329 344 147 147 222 312 305 319 186 242 284 284 214 218 201 201 268 316 218 265 308 312 0 0
09a_36_03_Plate5_B4 286 294 344 389 117 147 222 312 319 325 236 242 284 284 214 218 170 201 256 268 265 269 308 353 194 194
09a_32_05_Plate4_B3 294 294 329 344 117 125 222 222 317 317 236 236 284 284 218 218 201 201 256 268 269 269 308 308 194 194
09a_36_01_Plate5_B2 286 294 344 357 147 147 222 222 250 319 224 236 284 336 218 228 201 209 268 268 249 269 312 353 194 194
09a_32_02_Plate6_A12 286 294 329 349 117 147 222 222 262 319 224 236 284 284 214 214 201 201 268 268 0 0 0 0 0 0
09a_28_01_Plate2_A9 286 294 329 344 125 125 310 310 257 317 236 242 284 284 214 214 170 205 268 268 253 265 308 308 194 198
09a_24_04_Plate7_A8 294 294 344 357 125 125 222 310 313 319 224 242 284 284 214 220 170 201 256 316 265 269 308 312 190 194
09a_40_02_Plate1_E12 286 286 338 344 123 147 222 226 313 319 236 242 284 284 214 218 170 209 268 292 253 265 308 353 194 198
09a_36_05_Plate1_H11 286 290 329 389 117 147 222 222 317 317 218 242 284 284 218 222 170 201 256 316 245 269 312 353 190 194
09a_32_03_Plate1_D10 286 294 344 357 127 147 222 310 257 319 232 236 284 332 214 218 170 193 268 268 249 269 308 312 194 194
09a_28_07_Plate1_D8 286 294 329 361 125 125 244 310 317 317 236 242 284 284 214 214 170 201 316 316 249 265 308 312 194 196
12b_28_02_Plate2_H7 278 290 357 389 125 125 310 310 257 313 238 238 284 284 212 224 193 225 256 294 249 269 308 308 190 208
12b_24_01_Plate3_H6 286 286 389 389 117 125 310 310 245 245 238 238 284 284 218 224 201 201 256 316 249 249 308 312 208 208
12b_20_05_Plate7_H1 286 294 389 389 117 125 222 310 307 313 224 238 284 336 214 224 201 201 256 268 261 288 308 312 194 208
12b_40_01_Plate7_G11 278 290 389 393 117 117 258 310 245 331 238 245 284 284 212 214 205 225 256 256 261 273 308 312 190 194
12b_36_03_Plate2_G11 286 290 349 389 125 125 310 310 311 313 238 242 284 336 214 224 201 205 256 268 249 269 308 308 194 208
12b_28_01_Plate4_G7 286 290 349 389 125 125 310 310 311 313 238 238 284 284 214 224 201 201 256 316 245 261 308 324 194 208
12b_36_05_Plate2_G6 290 290 381 389 117 117 310 312 313 331 238 238 284 332 224 230 201 225 316 316 249 261 308 308 194 208
12b_24_04_Plate4_G5 286 290 344 389 117 131 202 310 313 313 238 247 284 336 212 218 189 201 268 316 253 261 308 312 190 208
12b_20_02_Plate6_G2 290 294 349 389 125 125 310 312 313 313 236 238 284 284 212 214 201 209 256 316 249 261 308 312 0 0
12b_20_01_Plate2_F11 286 286 389 389 117 125 222 310 245 313 238 238 284 336 214 224 193 201 256 262 261 265 308 308 198 208
12b_28_04_Plate7_F5 290 290 357 389 125 151 226 310 245 313 238 242 284 284 214 224 201 225 256 316 261 269 308 312 194 208
12b_40_02_Plate4_F4 286 286 344 389 117 125 304 310 311 313 224 238 284 336 212 214 193 225 256 316 249 261 308 312 190 208
12b_28_02_Plate2_E6 290 290 349 389 125 151 310 310 245 313 238 242 284 284 224 228 193 225 256 268 249 273 308 308 194 208
12b_36_02_Plate2_E5 286 290 344 389 125 125 310 310 245 311 186 238 284 284 218 224 193 225 256 268 261 265 308 308 190 190
12b_24_03_Plate6_D12 290 294 357 389 117 117 287 310 245 311 224 238 284 284 212 214 201 225 316 316 249 249 308 324 190 208
12b_20_04_Plate3_D11 286 290 357 389 115 125 226 310 313 327 224 238 284 284 214 224 201 225 256 256 245 261 304 308 208 208
12b_40_03_Plate4_D10 286 286 389 389 117 125 310 310 313 315 238 242 284 332 214 224 201 201 256 256 249 257 308 312 190 198
12b_32_04_Plate6_D5 290 290 349 389 125 125 310 310 245 327 224 238 284 284 208 224 209 225 256 316 261 269 308 312 190 194
12b_32_03_Plate2_D4 286 286 389 393 117 125 222 310 245 311 224 238 284 284 214 224 201 225 256 316 249 253 308 308 190 208
12b_40_04_Plate7_C6 290 290 357 389 117 117 226 310 313 313 238 242 284 284 214 224 201 201 256 256 249 269 308 348 190 194
12b_36_01_Plate2_C5 286 286 357 389 117 125 226 310 245 313 186 238 284 284 214 224 201 225 256 268 261 269 308 312 190 194
12b_36_04_Plate3_C4 286 290 349 389 117 125 310 310 245 245 224 238 284 284 212 218 197 201 310 316 249 257 304 308 190 194
12b_32_02_Plate6_B1 286 294 344 389 125 129 310 310 313 319 224 238 284 339 212 230 201 201 256 268 249 273 308 312 194 208
12b_32_01_Plate7_A7 286 290 357 389 117 125 310 310 245 315 224 238 284 284 216 224 193 201 256 256 249 273 308 308 194 208
12b_28_03_Plate1_F3 290 294 389 389 117 117 307 310 245 311 238 238 284 332 214 224 205 225 256 310 253 261 308 312 190 208
12b_24_02_Plate1_F2 286 294 357 389 125 125 226 310 311 313 238 242 284 336 224 234 201 225 316 316 249 269 308 308 190 190
12b_20_03_Plate1_D1 286 294 389 389 125 125 310 310 245 311 186 238 284 284 212 214 201 229 316 316 261 265 308 308 190 194
13b_20_02_Plate5_H9 294 294 338 349 123 125 222 222 245 323 242 247 284 336 214 230 197 201 256 268 265 269 308 308 194 208
13b_28_03_Plate5_H6 286 286 338 349 125 127 222 222 307 323 224 242 284 332 214 224 201 205 268 268 265 265 312 312 194 208
13b_20_07_Plate2_H5 286 294 329 389 117 127 222 312 257 262 236 247 284 284 214 214 197 201 268 268 245 265 312 312 190 190
13b_40_03_Plate2_G1 286 286 329 329 127 147 312 312 257 323 186 242 284 336 214 214 201 205 268 268 249 265 312 312 194 208
13b_40_04_Plate6_F11 286 286 329 393 123 123 310 312 257 331 186 242 284 339 214 214 197 201 268 268 249 265 0 0 0 0
13b_28_04_Plate2_E9 286 286 338 389 127 131 222 310 323 325 242 247 284 336 214 218 201 205 256 268 261 269 308 308 190 208
13b_36_02_Plate4_E8 286 286 338 389 117 127 222 222 319 323 238 242 284 284 214 214 197 205 256 268 265 273 312 312 208 208
13b_20_05_Plate2_E7 286 286 329 393 123 123 226 312 257 334 242 242 284 332 214 214 201 205 268 268 253 261 308 312 190 208
13b_28_01_Plate2_D10 286 294 338 344 127 151 226 312 257 305 224 242 284 336 214 214 193 205 256 268 245 265 308 312 194 208
13b_36_06_Plate6_D8 278 294 338 389 123 125 222 222 323 323 186 242 284 332 214 218 197 201 268 316 249 265 312 312 0 0
13b_40_05_Plate2_D8 286 294 338 338 125 125 310 312 257 305 224 247 284 284 214 218 201 205 268 316 249 261 308 308 190 208
13b_36_01_Plate4_D6 286 286 329 381 127 131 222 238 257 323 238 242 284 336 214 220 201 205 268 268 261 269 308 324 190 208
13b_20_04_Plate3_D1 286 286 329 349 117 127 222 222 305 323 247 247 284 284 214 218 205 205 256 268 261 276 312 312 208 208
13b_40_06_Plate5_C9 286 286 329 344 123 125 310 312 257 336 224 242 284 327 214 214 197 201 268 268 249 265 312 324 208 208
13b_36_05_Plate4_C2 286 294 338 361 123 125 312 312 257 317 236 247 284 332 214 214 201 205 268 268 253 261 308 308 194 208
13b_36_03_Plate5_B9 286 294 329 357 123 125 222 310 323 325 224 242 284 284 214 230 193 197 268 268 249 265 308 312 194 208
13b_28_02_Plate4_B5 286 286 329 389 123 147 222 312 323 325 186 186 284 284 214 214 193 205 256 268 265 265 308 308 194 194
13b_20_06_Plate5_B1 294 294 329 357 123 123 310 312 257 307 238 247 284 332 214 214 201 205 268 316 245 261 308 308 190 190
13b_20_03_Plate6_A10 286 290 329 344 127 147 222 310 323 325 236 247 284 284 208 214 170 197 268 294 249 261 312 312 0 0
13b_40_02_Plate6_A9 286 294 338 349 123 125 222 222 305 323 186 242 284 336 214 214 205 205 256 268 261 261 308 348 194 208
13b_28_05_Plate7_A5 294 298 338 389 125 127 312 312 257 331 242 247 284 336 214 214 201 205 256 268 249 261 312 348 194 208
13b_40_01_Plate1_E10 286 294 338 389 117 123 202 312 257 323 238 242 284 284 214 228 197 209 268 316 249 265 308 308 190 190
13b_36_04_Plate1_F9 286 294 329 338 123 125 268 312 257 336 236 247 284 336 214 226 197 201 268 268 249 261 308 308 190 208
13b_28_06_Plate1_B8 286 294 338 389 117 123 222 312 319 323 247 247 284 284 214 214 201 205 268 268 249 261 308 312 194 208
13b_20_01_Plate1_D7 286 294 329 389 117 123 222 319 323 331 224 242 284 336 214 218 193 205 256 268 249 265 308 348 208 208
15b_40_02_Plate4_H8 286 286 344 389 117 125 216 310 245 313 238 242 284 284 214 214 193 201 256 268 249 269 308 312 190 194
15b_28_04_Plate3_H4 286 286 389 389 117 125 222 310 257 339 242 247 284 284 214 218 193 201 256 268 249 269 308 312 194 194
15b_32_04_Plate3_G11 286 286 344 389 117 125 216 310 245 313 186 247 284 336 214 218 201 201 268 268 249 269 312 324 0 208
15b_40_01_Plate3_G10 286 286 344 389 117 125 216 222 245 257 186 247 284 336 214 214 193 201 268 268 249 269 324 324 194 194
15b_28_01_Plate7_G5 286 286 349 389 117 125 0 0 0 0 0 0 0 0 0 0 193 193 256 256 253 253 312 312 0 0
15b_36_03_Plate6_G4 286 290 389 389 117 117 216 310 245 313 186 238 284 336 214 214 193 193 268 268 249 269 308 312 0 0
15b_32_02_Plate3_G2 286 286 344 389 117 125 216 222 245 339 186 238 284 336 214 214 193 193 268 268 249 269 312 324 194 208
15b_28_03_Plate3_F10 286 286 344 389 117 117 222 310 257 339 186 186 284 336 214 218 201 201 268 268 249 269 308 312 194 208
15b_24_04_Plate5_F5 0 0 0 0 0 0 0 0 245 319 236 242 332 336 214 214 201 201 256 268 249 269 324 324 194 208
15b_24_05_Plate4_E12 286 294 389 389 117 117 310 310 313 339 186 242 336 336 214 214 193 193 256 268 218 249 312 324 190 194
15b_36_04_Plate2_E12 286 286 389 389 117 125 307 310 307 339 242 242 336 336 214 214 201 201 256 256 249 249 312 324 190 190
15b_32_01_Plate6_E11 286 286 344 389 117 117 310 310 313 339 186 247 284 336 214 214 201 201 268 268 249 269 312 324 194 194
15b_24_02_Plate6_E6 286 290 389 389 117 125 216 310 245 311 242 242 284 284 214 218 201 201 256 274 249 249 308 312 0 0
15b_40_03_Plate6_E3 286 286 344 389 117 117 216 222 245 257 186 247 284 284 214 218 193 193 268 268 0 0 0 0 0 0
15b_24_01_Plate6_D9 286 286 344 389 117 125 222 310 257 339 186 238 284 284 214 214 193 201 268 268 249 269 324 324 190 194
15b_36_01_Plate2_C3 286 286 389 389 117 125 216 310 245 313 238 242 284 284 214 218 193 193 256 268 249 269 308 312 190 194
15b_28_05_Plate3_C1 286 286 344 389 117 125 310 310 313 339 242 247 284 284 214 214 193 201 256 268 249 269 308 324 190 194
15b_36_02_Plate5_B10 286 286 344 389 117 117 310 310 313 339 186 247 284 336 214 218 193 193 268 268 249 269 308 312 190 208
15b_32_05_Plate5_B6 290 294 349 393 125 129 312 312 313 319 186 236 284 284 222 230 189 193 256 268 245 249 308 348 208 208
15b_28_02_Plate2_B1 286 286 389 389 117 125 216 222 245 257 186 247 284 336 214 214 193 193 268 268 249 269 312 324 194 194
15b_36_05_Plate7_A4 286 286 389 389 117 117 310 310 313 339 186 247 284 336 214 218 193 201 268 268 249 269 308 324 194 208
15b_40_04_Plate1_C4 286 286 344 389 117 117 222 310 257 339 238 242 284 284 214 218 193 201 256 268 249 269 312 324 194 208
15b_32_03_Plate1_B2 286 290 389 389 117 125 216 310 245 313 242 247 284 336 214 214 193 201 256 268 249 269 312 324 194 194
15b_24_03_Plate1_G12 286 286 344 389 117 117 222 310 257 339 238 242 284 284 214 218 193 201 256 268 249 269 312 324 190 194
17a_20_05_Plate7_H2 286 294 344 349 125 129 240 310 257 325 242 247 284 284 214 214 201 205 268 268 249 269 308 308 194 194
17a_28_02_Plate4_G6 286 286 344 393 117 129 310 310 257 317 224 247 284 284 214 214 193 213 268 316 249 253 308 312 194 194
17a_40_01_Plate5_G2 286 286 338 344 125 125 222 310 307 313 247 247 284 336 214 218 201 205 268 268 249 249 312 324 190 194
17a_24_01_Plate5_F11 286 294 344 389 117 147 310 310 257 325 247 247 284 332 214 218 205 205 268 316 249 253 312 324 190 194
17a_28_04_Plate3_F5 286 294 344 389 117 125 222 310 257 319 242 247 284 284 214 224 193 193 268 316 245 253 308 324 190 194
17a_20_01_Plate6_F2 286 286 344 344 125 125 222 310 257 317 242 247 284 284 214 214 193 201 268 268 249 249 0 0 0 0
17a_36_02_Plate7_F1 286 294 344 389 117 117 220 310 307 313 242 247 284 284 214 214 193 209 268 316 245 245 308 324 194 194
17a_24_04_Plate3_E9 286 294 344 389 117 125 310 316 313 319 224 247 284 284 214 214 205 205 268 268 249 265 308 308 194 194
17a_32_03_Plate7_E2 286 286 344 389 117 125 310 310 313 323 238 238 284 284 214 214 201 205 256 256 245 269 308 312 194 194
17a_28_03_Plate5_D4 294 294 329 344 125 125 238 310 257 311 242 242 284 332 214 230 201 205 256 301 245 253 308 312 194 194
17a_36_03_Plate5_D1 286 286 329 344 125 125 258 310 257 313 242 247 284 336 214 214 193 201 268 316 245 249 308 308 190 194
17a_40_02_Plate6_C8 286 286 329 344 125 125 222 310 313 319 186 186 284 284 214 218 193 209 256 268 249 253 312 324 190 194
17a_32_02_Plate2_C8 286 294 344 349 117 125 310 310 257 311 242 247 284 284 214 230 193 201 268 316 249 249 308 308 194 194
17a_32_04_Plate3_C5 294 294 344 389 117 117 238 310 245 257 242 247 284 284 214 218 193 201 268 268 249 249 312 324 190 194
17a_24_02_Plate5_B11 286 286 344 349 117 127 310 310 245 257 186 247 284 284 214 214 193 193 268 268 245 253 308 324 194 208
17a_32_01_Plate6_B10 286 294 344 389 125 147 310 310 313 313 236 247 284 284 214 214 205 217 256 268 245 249 308 308 194 194
17a_36_04_Plate5_B3 286 286 338 344 117 125 310 310 257 323 236 247 284 332 214 214 193 201 268 268 245 249 308 312 190 194
17a_40_04_Plate3_B2 286 294 344 349 125 127 310 310 257 325 242 242 284 284 214 214 193 201 268 268 249 257 312 324 194 198
17a_20_03_Plate5_A8 286 294 344 349 125 151 240 310 315 315 247 247 284 284 214 218 201 205 256 268 245 253 308 308 194 194
17a_24_03_Plate2_A6 294 294 344 389 125 125 262 310 257 257 186 247 284 284 214 228 193 193 268 268 218 249 308 308 194 208
17a_20_02_Plate2_A5 294 294 344 389 117 129 222 310 245 257 232 247 284 284 214 220 201 205 268 316 245 257 308 308 194 194
17a_20_04_Plate4_A2 286 294 344 389 117 125 222 310 257 307 236 247 284 284 208 214 205 221 268 316 245 253 324 324 194 194
17a_40_03_Plate1_G10 286 290 338 344 125 125 310 310 257 311 186 247 284 332 214 230 193 201 268 268 245 249 308 324 194 198
17a_36_01_Plate1_G9 286 286 344 389 117 129 232 310 313 313 238 247 284 284 214 222 201 205 256 256 245 269 308 308 194 208
17a_28_01_Plate1_B7 290 294 344 344 125 125 0 0 262 313 224 224 284 284 214 214 193 201 268 268 249 265 308 324 194 208
18a_36_03_Plate5_H10 286 286 344 389 125 127 222 312 257 357 236 249 284 284 214 218 201 209 256 268 249 249 312 312 198 208
18a_20_01_Plate6_H9 286 286 344 389 125 125 265 310 250 307 186 236 284 336 214 224 201 213 256 268 249 253 312 348 0 0
18a_32_01_Plate3_H8 286 294 389 389 125 127 265 265 245 250 186 186 284 332 214 214 170 170 256 268 249 249 312 312 208 208
18a_40_03_Plate7_H4 286 290 357 389 125 125 265 310 250 298 186 238 284 339 214 218 201 209 256 268 253 265 312 312 194 208
18a_24_03_Plate5_H3 286 294 344 389 125 127 222 312 245 357 224 236 284 327 214 214 201 201 256 316 249 249 308 308 190 208
18a_36_02_Plate5_G10 286 294 389 389 125 127 220 265 250 323 186 186 284 284 214 218 201 201 256 268 253 253 308 312 190 198
18a_20_03_Plate7_G2 286 290 329 389 125 151 222 265 313 357 236 236 284 336 214 218 201 209 256 316 253 253 308 312 208 211
18a_40_02_Plate6_F6 286 294 349 389 117 125 222 310 323 357 186 238 284 336 214 214 209 209 268 316 253 257 312 348 0 0
18a_20_05_Plate5_F3 286 286 329 389 117 125 222 265 250 313 186 186 284 336 214 218 197 201 256 268 249 249 312 312 190 208
18a_20_04_Plate7_E6 286 294 329 389 125 147 222 265 250 325 236 242 284 332 214 218 201 201 256 316 249 249 308 308 198 198
18a_32_03_Plate5_D12 286 286 329 389 125 127 265 310 250 313 186 186 284 332 214 214 201 201 268 316 253 269 308 308 194 198
18a_28_02_Plate3_D9 286 294 389 389 127 129 222 265 250 313 186 186 284 332 214 214 201 209 268 268 253 253 308 308 208 208
18a_20_02_Plate5_D3 286 294 329 389 117 125 226 265 247 250 186 242 284 332 214 214 201 209 268 268 249 253 308 312 194 198
18a_32_04_Plate6_D1 286 286 344 389 127 127 222 265 250 336 186 186 284 284 214 228 201 201 268 316 249 253 308 308 0 0
18a_40_01_Plate3_C12 286 286 329 389 125 125 222 316 311 357 186 186 284 332 214 214 170 209 256 268 249 253 308 308 198 208
18a_40_04_Plate6_B9 286 286 389 389 125 125 222 222 325 357 236 238 284 284 214 228 201 209 256 256 249 253 308 312 190 208
18a_28_01_Plate3_B6 286 294 389 389 125 131 265 312 250 313 186 186 284 284 214 218 193 209 268 268 249 253 308 308 194 198
18a_24_01_Plate2_A12 286 294 389 389 127 147 265 310 250 325 186 247 284 332 214 214 201 209 268 268 249 253 308 308 190 198
18a_36_04_Plate7_A11 286 286 389 389 125 125 265 310 250 311 186 249 284 284 214 214 201 201 268 268 249 253 308 308 194 198
18a_28_03_Plate6_A8 286 286 389 389 117 127 238 265 250 315 186 236 284 284 214 214 193 209 256 256 249 249 308 312 198 198
18a_24_04_Plate6_A2 286 290 389 389 125 125 222 265 257 357 236 238 284 284 214 214 201 209 256 268 249 265 312 312 198 198
18a_24_02_Plate7_A1 286 294 389 389 117 127 202 265 250 302 186 236 284 284 214 214 201 209 256 256 218 253 308 312 190 208
18a_36_01_Plate1_D3 286 294 329 389 117 127 222 240 245 357 186 236 284 332 214 226 201 201 256 316 214 253 312 324 198 198
18a_32_02_Plate1_C2 286 286 361 389 125 125 222 265 250 307 224 236 284 336 214 214 193 209 256 256 253 269 308 308 194 208
18a_28_04_Plate1_E1 286 294 344 389 117 125 222 234 325 357 236 238 284 284 214 214 201 213 256 256 249 265 312 312 190 198
19b_32_05_PLate6_H10 286 290 329 349 117 147 234 265 323 336 186 236 284 284 212 214 201 201 256 316 249 249 308 312 194 208
19b_24_05_Plate4_G9 286 290 329 329 117 125 271 310 311 323 186 236 284 284 214 228 201 201 256 268 245 249 308 312 194 194
19b_32_03_Plate7_G8 286 290 344 344 117 147 265 310 331 336 186 186 284 336 214 214 201 201 262 268 249 249 308 324 194 194
19b_40_04_Plate4_F11 286 290 338 344 117 117 265 310 257 336 186 224 284 284 214 218 193 201 256 268 249 265 308 324 190 194
19b_32_02_Plate3_F11 286 290 344 389 117 117 202 265 317 336 186 236 284 284 214 214 201 201 268 316 249 249 308 324 194 194
19b_20_04_Plate2_F10 286 290 329 349 117 151 258 265 311 336 186 224 284 284 214 214 201 201 256 316 249 249 312 324 190 194
19b_28_04_Plate4_F8 290 290 329 329 117 117 238 265 323 336 186 224 284 284 214 214 193 201 268 316 245 269 308 324 194 208
19b_28_05_Plate4_F3 278 290 329 389 117 117 240 265 319 336 186 242 284 284 214 214 201 201 268 316 249 265 308 308 190 194
19b_40_03_Plate4_F2 286 290 344 344 117 151 265 312 245 336 186 238 284 284 214 214 201 201 268 268 249 249 312 324 190 194
19b_28_02_Plate6_E8 286 290 329 329 117 123 222 310 307 323 186 236 284 284 214 218 201 201 268 316 241 245 324 324 0 0
19b_20_05_Plate4_E2 290 294 344 389 117 125 234 265 268 336 186 186 284 336 214 218 193 201 268 316 249 269 308 324 194 208
19b_32_04_Plate6_D4 286 290 329 389 117 125 310 312 319 325 186 238 284 284 214 214 201 201 316 316 245 257 308 308 194 194
19b_20_02_Plate7_C9 286 290 0 0 117 117 0 0 0 0 0 0 0 0 0 0 0 0 268 268 245 249 308 308 0 0
19b_24_04_Plate4_C9 278 290 344 344 117 117 222 265 325 325 186 242 284 284 214 214 193 201 256 316 249 249 308 324 190 198
19b_24_02_Plate6_B12 286 290 329 329 117 125 222 265 331 336 186 247 284 284 214 214 201 209 268 268 249 249 308 308 194 194
19b_40_01_Plate7_B11 286 290 344 344 117 125 0 0 317 336 186 236 284 284 214 214 201 201 256 316 245 273 312 324 194 194
19b_24_01_Plate3_B11 286 290 329 389 117 125 255 310 323 327 186 224 284 284 214 214 201 201 268 268 245 269 308 312 194 194
19b_28_01_Plate7_B10 290 290 344 389 117 117 0 0 257 323 186 236 284 284 214 214 201 201 268 316 245 273 308 308 194 194
19b_20_03_Plate3_B10 286 290 344 344 0 0 0 0 245 336 186 186 0 0 0 0 201 201 256 316 249 257 312 312 190 190
19b_20_01_Plate2_B5 290 294 329 393 117 125 310 310 313 336 186 186 284 284 214 214 193 201 268 316 245 249 308 312 194 194
19b_40_02_Plate1_E9 290 294 329 329 117 147 240 265 319 336 186 186 284 284 214 228 197 201 259 316 245 249 308 324 190 194
19b_32_01_Plate1_G8 290 294 344 389 117 117 238 265 245 336 186 232 284 332 214 224 201 201 310 316 245 249 308 348 190 194
19b_28_03_Plate1_E7 290 294 329 357 117 117 222 222 257 336 186 238 284 332 214 214 201 201 268 294 245 253 308 324 190 194
19b_24_03_Plate1_G6 286 290 329 349 117 117 307 310 313 323 186 186 284 336 214 214 193 201 256 316 249 265 308 324 194 194
20a_32_02_Plate7_H7 286 290 344 344 117 117 222 222 245 313 242 242 336 336 214 218 201 201 268 316 218 273 308 312 194 208
20a_24_01_Plate3_H7 290 294 344 389 117 125 222 310 245 311 186 245 284 336 214 216 201 201 268 286 249 288 312 324 194 208
20a_28_05_Plate4_H4 286 294 344 349 117 147 232 312 245 317 236 242 284 336 214 214 201 201 268 310 249 273 308 312 194 194
20a_40_01_Plate4_G12 290 290 344 393 117 125 202 222 245 313 242 242 284 336 214 214 201 209 268 316 249 257 308 324 194 208
20a_32_05_Plate2_G10 286 286 344 389 117 129 310 312 311 317 224 242 332 336 214 234 193 201 268 316 214 273 308 324 194 208
20a_36_04_Plate2_G9 290 294 344 389 117 147 310 312 245 257 242 242 284 336 214 214 201 201 268 286 218 249 308 324 194 208
20a_40_03_Plate3_G7 286 290 344 349 125 147 199 222 245 250 186 236 336 336 214 214 201 201 286 310 249 253 308 324 194 208
20a_32_03_Plate7_E10 286 286 344 349 117 147 222 312 245 245 186 186 284 336 214 214 193 201 256 286 249 273 312 312 194 208
20a_36_02_Plate3_E8 286 290 344 389 117 125 310 312 317 319 186 247 284 336 214 228 201 201 256 286 249 273 308 324 194 208
20a_24_05_Plate2_E8 286 290 344 389 125 129 310 312 245 317 186 238 336 336 214 216 201 201 286 316 265 273 312 348 190 208
20a_32_04_Plate7_D11 286 286 344 349 117 129 222 312 317 331 242 242 284 336 214 214 201 201 256 268 249 253 324 348 208 208
20a_24_02_Plate5_D7 286 290 329 344 117 125 310 312 257 317 186 242 284 336 214 214 201 201 268 286 249 273 308 324 194 208
20a_28_02_Plate6_C5 278 290 344 389 125 125 310 312 245 317 186 238 284 336 214 218 201 201 268 286 249 249 308 312 208 208
20a_28_01_Plate4_B12 290 290 344 385 117 117 222 310 245 331 186 238 284 336 214 214 201 201 256 286 249 273 308 312 190 194
20a_28_03_Plate2_A11 290 294 329 344 117 127 222 222 245 325 238 242 284 336 214 214 201 213 268 268 249 249 324 324 190 208
20a_36_01_Plate6_A6 286 286 344 389 125 125 287 312 317 334 186 242 336 339 210 214 193 201 268 268 249 249 312 324 0 0
20a_40_04_Plate5_A5 290 294 344 389 117 125 222 310 245 257 242 242 284 336 214 214 201 201 268 268 249 249 308 312 194 208
20a_36_05_Plate4_A3 286 286 344 389 117 125 310 312 307 317 186 242 284 336 214 214 201 213 268 286 249 273 312 324 194 208
20a_24_03_Plate3_A2 286 290 329 344 117 147 222 312 311 317 186 224 284 336 214 214 201 201 286 316 218 249 308 324 208 208
20a_40_02_Plate1_E2 286 294 344 389 117 125 232 312 247 317 186 242 284 336 214 214 193 201 256 268 273 273 308 312 190 208
20a_36_03_Plate1_C1 290 294 344 389 125 125 202 222 245 313 186 186 284 336 214 214 201 201 268 268 249 273 308 324 190 194
20a_32_01_Plate1_C12 286 290 329 344 117 117 222 238 245 325 186 242 336 336 214 218 201 201 256 268 249 249 308 324 194 208
20a_24_04_Plate1_C10 286 286 344 357 117 117 312 316 307 317 238 242 336 336 214 230 193 201 256 268 249 273 308 324 194 194
21a_24_02_Plate2_H12 286 286 349 389 117 125 244 244 305 313 224 224 284 284 214 218 201 201 256 256 249 249 308 324 190 190
21a_24_03_Plate4_H10 286 294 329 349 117 125 310 310 313 334 186 224 284 284 214 224 201 213 256 268 261 273 308 308 190 196
21a_36_03_Plate4_H5 286 286 329 389 117 125 0 0 257 313 186 249 284 339 214 214 197 201 256 268 249 249 308 308 190 194
21a_28_05_Plate2_H1 286 286 349 389 117 147 310 310 317 317 186 224 284 284 214 214 201 213 256 268 249 249 308 312 190 190
21a_32_05_Plate4_G4 286 294 349 349 125 125 310 310 245 313 186 242 284 284 214 234 201 201 256 268 249 265 308 324 194 194
21a_32_02_Plate6_G3 286 286 349 389 117 147 310 310 245 317 186 224 336 339 214 230 197 213 256 268 0 0 0 0 0 0
21a_32_04_Plate5_F9 286 286 389 389 117 117 316 316 257 313 186 224 284 339 208 214 193 213 268 268 269 273 308 317 194 194
21a_24_01_Plate6_F7 286 290 389 389 125 147 222 310 317 317 224 242 284 336 214 214 197 213 256 316 253 273 308 332 0 0
21a_28_02_Plate6_F1 286 286 349 389 125 125 310 312 313 325 224 242 284 339 214 218 201 201 256 316 249 253 308 308 194 194
21a_36_05_Plate3_E11 286 298 349 393 125 125 0 0 317 317 242 242 284 336 214 214 201 201 268 268 265 273 308 312 190 190
21a_40_01_Plate5_E8 286 286 329 349 125 125 222 310 317 317 186 238 284 336 214 214 213 213 268 268 245 249 308 308 190 194
21a_28_04_Plate5_E5 286 286 349 389 117 125 202 310 313 317 224 224 339 339 214 214 193 201 256 268 249 249 308 308 190 194
21a_40_02_Plate2_E4 286 294 349 357 117 117 310 312 257 313 224 238 336 339 214 226 201 213 256 256 218 249 308 308 194 208
21a_28_03_Plate3_E2 286 286 349 389 117 125 222 222 257 313 186 242 284 336 214 218 201 201 268 268 249 249 308 312 190 194
21a_40_03_Plate7_D1 286 286 349 361 117 125 255 255 311 313 186 224 284 339 212 214 201 201 256 316 257 273 308 312 194 198
21a_24_05_Plate6_C7 286 286 349 389 117 125 222 222 307 313 186 238 284 339 214 214 201 213 256 268 257 273 308 308 190 190
21a_32_01_Plate4_C4 286 290 349 389 117 123 268 310 247 317 186 224 284 284 214 214 205 213 256 256 249 253 308 308 194 194
21a_36_02_Plate7_B12 286 286 349 389 117 117 238 287 311 313 186 242 336 339 214 214 201 213 268 268 253 273 308 308 190 194
21a_36_04_Plate3_A8 286 286 329 349 117 117 222 310 257 317 186 238 284 339 214 218 201 213 268 316 214 273 308 308 194 194
21a_24_04_Plate2_A3 286 286 389 389 117 147 310 312 257 317 186 186 284 339 214 214 201 209 268 268 249 265 308 348 190 190
21a_40_04_Plate1_G7 286 286 349 389 125 125 222 310 317 336 186 224 284 339 214 214 189 213 256 310 214 249 308 308 190 190
21a_36_01_Plate1_F6 286 294 349 349 125 151 316 316 245 313 224 224 284 339 214 218 201 201 256 268 249 249 308 312 190 194
21a_32_03_Plate1_F5 286 294 389 389 115 117 238 238 313 325 224 247 284 339 214 214 201 225 256 316 218 249 308 308 190 208
21a_28_01_Plate1_A4 286 286 361 389 117 125 310 310 313 317 186 224 336 339 214 214 201 201 268 268 249 276 308 308 190 194
22a_36_02_Plate2_H9 286 286 357 357 125 127 310 310 245 247 238 242 284 332 0 0 193 225 268 316 249 261 308 308 190 194
22a_32_04_Plate4_G10 278 294 349 357 125 127 310 312 307 319 238 242 284 332 214 224 201 201 256 268 249 249 308 312 194 194
22a_32_05_Plate5_G8 286 286 329 357 117 147 304 310 245 319 238 242 284 284 214 218 193 201 268 268 249 253 308 308 194 194
22a_36_01_Plate6_G5 286 286 349 389 125 127 216 312 319 319 238 238 284 284 214 218 201 201 268 316 253 273 308 348 194 194
22a_24_01_Plate3_G3 286 286 349 389 125 127 238 312 311 319 224 242 284 332 212 214 170 193 268 316 249 273 308 312 194 194
22a_24_07_Plate4_F9 286 294 349 389 125 147 258 312 245 319 236 238 284 332 214 218 201 201 256 268 249 273 308 308 194 208
22a_40_02_Plate6_F8 286 286 349 349 125 147 234 310 247 311 242 247 284 332 218 218 193 205 268 310 253 273 308 308 190 194
22a_40_04_Plate5_F6 286 294 357 357 125 147 222 310 247 262 236 242 284 332 214 218 193 201 256 268 249 257 312 312 190 194
22a_36_03_Plate5_E9 278 286 344 349 125 147 222 312 245 319 224 242 284 332 214 218 193 201 268 316 249 257 312 312 194 194
22a_32_01_Plate3_E6 286 286 349 357 125 147 310 312 311 319 238 242 332 332 214 218 201 201 256 268 249 269 312 312 194 194
22a_28_05_Plate2_E1 286 286 329 357 117 147 222 310 247 327 238 238 332 332 218 218 201 201 256 268 249 273 308 312 194 194
22a_24_05_Plate4_D12 286 294 349 357 117 127 312 312 315 319 232 242 332 332 214 214 201 209 256 268 218 273 308 312 194 208
22a_24_03_Plate6_D2 286 286 349 349 125 147 307 310 247 331 224 242 284 332 214 218 193 201 268 268 269 273 308 312 194 194
22a_24_06_Plate4_C10 278 294 357 397 125 127 234 312 311 319 186 238 332 336 214 218 193 201 268 316 249 273 308 308 190 194
22a_32_02_Plate3_C10 278 298 349 389 117 127 310 312 319 319 186 238 284 284 214 214 201 201 268 298 249 273 308 312 194 194
22a_28_03_Plate4_C8 278 286 357 361 125 147 310 310 247 311 238 242 284 284 214 214 201 201 256 268 249 265 312 312 194 198
22a_40_01_Plate5_C7 286 286 349 389 125 147 310 310 247 313 238 242 284 284 218 224 193 225 256 268 249 273 308 308 194 208
22a_36_04_Plate5_B8 286 294 329 357 147 151 310 310 247 331 224 242 284 284 214 218 193 201 268 268 249 249 312 324 194 198
22a_24_04_Plate4_A9 286 286 357 389 125 127 307 310 247 331 224 242 284 332 214 218 193 193 268 268 249 269 312 312 194 194
22a_24_02_Plate2_A8 286 294 344 357 147 151 222 310 247 319 238 238 284 327 214 218 201 201 268 268 249 249 308 308 194 194
22a_40_03_Plate1_A12 278 286 349 349 125 147 238 310 247 317 186 242 284 284 214 218 193 201 268 316 253 273 312 312 194 198
22a_36_05_Plate1_E11 278 286 349 357 125 127 310 312 319 331 224 238 284 332 214 224 201 201 268 268 273 273 312 312 190 194
22a_32_03_Plate1_A10 286 286 344 357 117 147 310 312 319 334 186 238 284 284 214 218 201 201 268 316 249 249 308 308 190 194
22a_28_01_Plate1_B9 286 286 349 389 127 127 310 312 319 319 238 242 332 332 214 218 201 201 268 268 249 253 308 308 194 208
23a_28_03_Plate7_H9 286 286 329 389 125 125 222 310 307 311 186 186 284 284 218 218 193 201 268 268 249 253 312 348 194 198
23a_40_04_Plate7_G9 286 286 344 389 117 151 310 310 311 327 186 224 284 284 220 228 201 209 256 268 218 265 308 324 194 208
23a_20_05_Plate6_G7 286 286 344 361 117 125 202 310 311 325 186 186 284 284 218 218 201 201 268 316 249 269 312 348 0 0
23a_24_03_Plate5_G3 286 286 329 389 125 125 222 310 313 319 186 242 284 284 214 220 193 201 268 316 249 249 308 308 194 194
23a_40_01_Plate6_F12 286 286 344 389 125 125 310 310 262 311 186 242 284 327 214 220 201 201 268 316 249 265 308 312 0 0
23a_24_02_Plate5_F10 286 290 344 357 125 125 222 310 311 319 186 186 284 284 218 220 193 201 268 316 249 249 308 348 194 208
23a_36_01_Plate3_F9 286 286 344 349 117 117 268 310 257 311 238 247 284 332 218 220 193 201 256 316 245 249 308 348 194 211
23a_32_01_Plate5_F4 286 286 385 389 117 117 226 310 311 311 238 247 284 336 214 218 201 213 268 316 249 265 308 312 194 194
23a_36_02_Plate3_F3 286 286 329 389 123 125 222 310 292 319 186 186 284 284 218 220 201 201 268 316 249 265 312 348 194 194
23a_20_03_Plate3_F2 286 286 389 389 125 125 222 310 305 319 247 247 284 284 220 230 193 201 274 316 245 265 312 348 194 194
23a_24_04_Plate7_E11 286 286 349 389 125 147 222 240 262 319 247 249 284 332 220 230 201 201 256 316 249 261 308 312 194 194
23a_20_01_Plate3_D12 286 294 344 344 117 129 222 238 311 319 224 247 284 284 220 224 201 201 316 316 261 265 308 308 194 208
23a_32_03_Plate5_D9 286 286 344 357 117 125 271 310 311 331 186 247 284 284 214 220 201 201 256 268 241 249 308 348 194 194
23a_32_04_Plate6_C10 286 286 344 389 117 117 310 310 311 334 242 247 284 336 218 230 201 221 316 316 253 265 308 308 0 0
23a_40_02_Plate3_C2 286 286 329 389 117 125 222 310 313 319 186 186 284 336 218 228 201 201 268 268 249 249 308 312 194 194
23a_24_01_Plate6_B8 286 290 344 357 117 117 202 222 245 319 186 224 284 284 218 220 201 201 256 268 249 253 308 308 0 0
23a_28_02_Plate4_B2 286 286 361 389 117 125 222 310 311 336 236 247 284 284 214 220 193 201 268 316 249 265 308 308 194 208
23a_36_04_Plate5_A12 286 286 344 389 125 125 310 310 245 311 247 247 284 336 214 220 193 201 316 316 245 265 308 324 194 198
23a_40_03_Plate6_A11 286 286 389 389 117 125 222 222 319 319 238 247 284 336 220 226 201 201 268 316 249 269 308 308 0 0
23a_28_04_Plate4_A8 286 286 344 349 117 125 222 222 257 311 186 186 284 284 214 220 201 201 256 268 249 265 308 348 194 208
23a_20_04_Plate3_A5 286 290 389 389 125 125 222 310 311 319 247 247 284 284 218 224 189 201 316 316 265 269 312 348 194 194
23a_20_02_Plate2_A1 286 294 344 389 117 117 222 312 313 319 186 238 284 284 214 220 193 201 268 268 249 265 308 312 190 194
23a_36_03_Plate1_A5 286 294 329 344 125 125 310 310 245 311 238 247 284 284 214 220 193 201 268 316 249 249 308 348 194 198
23a_32_02_Plate1_G4 286 286 344 349 125 125 222 312 319 327 186 186 284 284 214 220 201 201 268 316 257 265 308 308 194 208
23a_28_01_Plate1_H3 286 286 344 389 125 125 222 310 262 319 247 247 284 336 218 218 201 201 316 316 245 265 308 312 194 194
25b_24_04_Plate3_H11 286 286 344 357 117 125 238 310 307 323 186 236 284 284 214 214 193 201 268 310 249 249 312 324 194 198
25b_36_04_Plate3_H10 286 290 349 385 117 125 238 258 245 323 186 238 284 339 214 214 201 205 256 316 249 257 312 348 190 198
25b_40_01_Plate3_H2 286 286 349 389 117 129 310 310 257 323 186 236 284 284 214 214 201 205 256 256 249 253 312 312 194 198
25b_32_04_Plate7_F6 286 290 349 357 117 117 222 238 257 323 236 236 284 284 214 228 201 205 268 310 214 257 348 348 194 198
25b_20_01_Plate6_F4 286 286 357 389 125 125 222 238 245 323 236 242 284 284 214 228 201 205 268 310 253 257 312 335 194 198
25b_40_03_Plate2_F4 286 286 329 349 117 117 222 238 323 342 236 242 284 332 214 214 201 205 310 316 249 265 308 312 194 198
25b_28_02_Plate5_E11 286 290 357 389 117 117 310 310 317 323 186 236 327 339 212 228 193 209 268 310 245 249 348 348 194 198
25b_32_02_Plate3_E10 286 294 344 357 125 125 229 310 315 323 186 236 284 336 214 228 201 205 268 310 249 257 308 312 194 198
25b_24_03_Plate2_E10 286 286 349 389 117 117 310 312 257 323 186 238 284 332 214 218 193 201 256 268 257 273 308 348 198 208
25b_36_02_Plate4_E9 286 286 344 357 117 125 238 268 323 334 186 238 284 339 214 214 193 205 256 310 249 257 312 312 194 198
25b_20_03_Plate7_E7 286 294 344 349 117 151 238 312 245 323 236 236 284 332 214 228 201 205 268 310 257 276 324 348 198 208
25b_28_04_Plate7_E5 286 286 338 357 125 129 310 310 323 327 236 236 284 336 214 214 201 205 268 310 249 257 304 348 198 208
25b_24_02_Plate5_E1 286 294 338 349 117 117 240 310 323 336 236 238 284 339 214 214 201 205 268 310 245 257 308 312 190 198
25b_24_01_Plate6_D10 286 286 349 389 125 125 222 310 317 323 186 238 336 339 212 228 193 201 256 310 253 257 312 312 0 0
25b_36_03_Plate4_D8 286 286 349 389 117 125 222 238 323 357 236 236 284 284 214 228 193 209 256 310 249 249 312 312 198 208
25b_20_04_Plate7_C11 286 286 357 361 125 125 238 238 323 334 186 242 284 284 214 228 193 193 256 268 249 265 314 348 190 198
25b_28_01_Plate4_C11 286 286 344 349 117 125 310 310 307 323 186 238 284 339 214 214 193 205 256 316 249 269 308 312 198 208
25b_40_02_Plate4_B1 286 286 0 0 117 117 310 310 313 323 236 242 284 332 214 214 193 193 256 310 249 257 348 348 198 208
25b_32_03_Plate5_A3 286 286 349 389 125 129 238 310 323 323 186 236 284 336 228 228 205 217 268 310 257 269 308 348 194 198
25b_40_04_Plate1_B11 286 286 344 357 117 129 307 310 257 323 186 236 284 339 214 216 201 205 268 310 253 257 312 312 194 198
25b_36_01_Plate1_H10 286 286 349 349 0 0 304 310 313 323 186 236 336 339 214 228 193 193 310 316 249 257 308 312 198 198
25b_32_01_Plate1_D9 286 286 349 393 117 127 202 238 311 323 186 224 332 339 212 214 205 205 256 256 249 257 312 324 194 198
25b_28_03_Plate1_E8 286 290 329 349 125 127 238 310 305 323 186 242 284 284 214 228 193 201 256 268 249 249 312 312 198 198
25b_20_02_Plate1_H7 286 286 344 349 125 125 310 310 323 325 186 186 284 284 214 228 193 205 256 316 249 273 308 312 194 198
26a_36_01_Plate4_H9 294 294 349 389 117 147 310 312 247 317 224 236 332 339 214 218 193 201 256 256 249 253 308 312 194 208
26a_20_07_Plate2_H6 286 294 344 389 117 125 310 310 247 317 224 224 284 284 214 234 201 209 256 294 249 249 308 312 190 196
26a_40_01_Plate5_H1 286 286 389 389 117 117 222 310 247 319 224 238 336 339 218 239 193 193 256 268 249 253 308 312 194 194
26a_28_01_Plate3_H1 286 294 329 389 117 147 238 310 247 325 224 242 332 339 222 234 193 193 268 268 249 269 308 324 190 190
26a_28_03_Plate4_F7 286 294 361 389 117 117 222 310 245 323 238 242 332 339 218 234 201 209 268 316 249 253 308 308 190 194
26a_36_02_Plate3_F7 286 286 389 389 123 151 222 310 247 307 224 224 284 336 218 230 209 213 256 268 249 249 308 308 194 194
26a_20_02_Plate2_F5 290 294 361 389 117 117 226 310 247 323 224 242 332 339 218 230 193 201 268 268 249 269 308 308 190 190
26a_32_02_Plate6_F3 286 290 389 389 117 125 310 310 245 247 224 238 284 284 218 234 193 193 256 268 249 249 308 308 190 190
26a_40_04_Plate3_E12 294 294 344 389 117 123 222 310 245 313 238 242 284 339 218 218 193 209 256 268 214 249 308 324 190 194
26a_20_03_Plate7_E9 286 286 349 389 123 125 222 310 247 292 224 224 284 339 218 224 193 201 256 268 249 261 308 312 190 190
26a_20_04_Plate6_E7 286 294 349 389 123 127 222 312 245 317 224 238 284 336 228 234 201 209 256 294 249 269 308 312 190 194
26a_28_05_Plate5_E4 286 294 329 389 117 129 222 222 247 257 242 242 336 336 218 218 201 209 256 268 249 269 0 0 190 208
26a_36_04_Plate5_D11 286 286 361 389 117 117 222 222 245 323 224 236 284 284 218 218 201 209 256 268 249 265 308 312 190 208
26a_28_04_Plate6_D7 290 294 344 389 123 125 222 238 245 317 224 238 284 336 214 234 209 209 256 316 249 253 308 312 0 0
26a_20_05_Plate7_D3 286 294 389 389 123 125 222 222 245 342 224 238 284 284 214 218 193 209 256 268 241 249 308 308 190 190
26a_36_05_Plate2_D2 294 294 344 389 117 125 265 310 247 311 224 242 284 339 214 218 209 209 256 268 249 249 308 338 194 194
26a_32_03_Plate6_C4 278 286 329 389 117 147 310 310 245 247 224 224 284 336 214 234 193 201 256 268 249 249 308 324 0 0
26a_40_03_Plate7_B3 294 294 329 389 123 125 310 310 247 317 224 236 284 332 218 234 193 201 256 268 249 249 308 308 190 194
26a_36_03_Plate2_B3 286 294 329 389 117 123 216 310 247 307 242 242 336 339 230 234 193 201 256 268 249 269 308 308 194 194
26a_32_04_Plate5_A10 294 294 389 389 123 125 202 310 247 317 242 242 284 284 218 230 193 201 268 316 249 249 308 308 194 194
26a_32_05_Plate6_A5 294 294 389 389 117 117 222 222 245 325 186 242 332 339 214 218 193 201 268 316 249 253 308 308 0 0
26a_40_02_Plate1_H4 286 286 389 389 123 125 222 310 245 245 238 242 284 339 214 234 193 209 268 268 249 253 308 308 190 194
26a_32_01_Plate1_H2 286 294 344 389 123 147 310 312 247 311 238 242 284 339 218 218 193 201 268 268 249 249 308 312 194 194
26a_28_02_Plate1_F1 286 290 349 389 117 143 310 310 247 331 186 242 284 284 214 218 201 209 268 268 249 269 308 324 190 190
26a_20_06_Plate1_F4 286 286 329 389 123 125 202 310 247 325 238 242 284 339 218 218 193 209 256 268 214 249 308 308 190 194
26a_20_01_Plate1_B12 286 294 389 389 117 117 222 310 245 319 224 238 284 284 224 234 193 201 256 268 249 249 308 312 190 198
28a_36_02_Plate5_H11 286 286 329 361 125 129 310 316 257 257 186 242 284 284 230 230 193 197 256 316 253 257 308 312 190 208
28a_28_01_Plate7_H5 286 286 389 389 125 125 222 310 257 325 238 253 284 336 224 230 189 193 256 316 249 249 308 308 190 198
28a_20_04_Plate2_H3 286 286 357 361 125 147 222 310 307 311 242 253 336 336 228 230 193 193 256 316 253 257 312 312 190 190
28a_32_04_Plate4_G8 0 0 0 0 125 147 0 0 257 257 186 186 0 0 0 0 193 193 316 316 257 257 0 0 190 196
28a_40_02_Plate2_G8 286 290 329 361 117 117 310 310 257 321 247 253 336 339 214 230 193 193 256 316 245 257 308 312 190 190
28a_28_03_Plate3_G6 286 290 329 361 125 125 222 310 247 311 236 253 284 336 214 218 193 201 268 316 249 265 308 312 190 194
28a_36_01_Plate4_F10 286 298 349 389 117 147 222 310 311 325 186 247 284 332 214 230 170 193 268 316 249 253 304 308 190 194
28a_20_03_Plate4_F6 286 286 357 389 117 125 226 310 257 313 186 186 284 332 214 230 193 193 316 316 253 257 308 324 190 190
28a_20_02_Plate4_E7 290 290 357 389 117 125 222 310 257 311 224 253 284 336 214 218 193 201 268 316 249 249 308 324 190 208
28a_24_01_Plate5_D6 286 286 349 361 117 155 310 310 257 334 186 186 284 336 214 218 193 201 268 316 257 269 308 312 190 190
28a_32_01_Plate5_D2 286 290 361 393 125 125 310 312 257 331 238 253 284 336 230 230 193 201 268 316 253 257 308 308 190 194
28a_28_02_Plate3_D2 286 294 361 389 125 147 310 312 247 257 186 186 284 336 214 230 193 209 270 316 257 265 308 308 190 194
28a_20_05_Plate2_D1 286 294 361 361 125 125 310 310 257 339 242 253 284 336 214 214 193 201 256 316 245 257 308 312 190 208
28a_36_03_Plate7_C2 290 294 329 361 125 125 222 310 245 311 186 253 284 284 214 224 193 193 256 316 245 257 308 308 190 190
28a_40_04_Plate4_B9 286 294 349 361 117 125 222 222 257 311 186 186 284 284 214 220 193 201 256 316 249 249 308 312 190 190
28a_36_04_Plate7_B7 286 290 361 389 117 125 222 316 311 313 186 230 284 284 218 230 193 201 256 316 249 257 308 308 190 194
28a_28_04_Plate5_B7 286 290 357 361 125 147 202 310 257 313 186 238 284 336 214 218 193 201 256 316 249 269 312 312 190 194
28a_20_01_Plate7_B6 286 290 349 389 117 125 222 312 311 311 224 253 332 336 214 218 193 225 316 316 249 249 308 308 190 194
28a_32_02_Plate4_B4 286 286 357 389 117 125 222 268 311 311 186 242 284 336 214 214 193 201 256 316 257 269 308 324 190 198
28a_40_01_Plate2_A10 286 290 357 389 125 125 222 226 245 311 186 253 332 336 214 214 193 201 256 316 249 257 308 324 190 194
28a_24_02_Plate3_A10 286 294 389 393 117 125 222 222 311 331 186 224 284 336 214 214 193 201 268 316 249 269 312 312 190 194
28a_24_04_Plate4_A5 286 286 389 389 117 125 220 310 257 257 253 253 336 336 220 230 193 201 316 316 249 249 308 308 190 194
28a_40_03_Plate4_A1 286 290 389 393 117 117 222 222 311 311 186 242 284 336 218 230 193 201 256 316 249 249 308 312 190 198
28a_32_03_Plate1_C8 286 290 389 389 117 125 310 310 245 257 242 253 284 336 214 230 193 201 268 316 249 249 308 308 190 198
28a_24_03_Plate1_C6 286 286 357 361 117 125 202 310 245 257 186 236 284 336 226 230 193 201 256 316 249 249 308 348 190 194
29b_36_03_Plate7_H12 286 286 389 389 125 125 307 310 245 317 238 238 284 284 228 228 201 225 256 316 249 269 308 353 198 208
29b_24_01_Plate7_H11 286 286 329 389 125 147 310 310 317 327 238 242 284 284 224 228 205 213 256 268 249 253 308 308 198 198
29b_20_05_Plate7_H3 286 286 329 377 117 125 222 310 313 317 236 236 284 284 214 228 201 205 256 268 249 269 308 348 194 194
29b_24_02_Plate4_H3 286 286 329 349 117 155 310 312 245 311 238 247 284 284 214 214 201 201 256 268 249 253 308 308 194 208
29b_28_01_Plate7_G7 286 286 329 389 117 117 307 310 317 325 224 236 284 332 214 230 201 201 256 268 253 269 308 348 198 208
29b_24_03_Plate6_G1 286 290 329 344 117 125 310 310 245 311 236 242 284 332 212 228 193 205 268 268 0 0 0 0 0 0
29b_32_01_Plate4_F12 286 286 329 329 117 125 310 312 245 257 236 242 284 284 214 218 193 201 268 316 249 249 308 308 198 208
29b_28_02_Plate7_F11 286 294 329 344 125 147 310 310 250 317 236 238 284 284 214 228 193 201 268 268 249 273 308 308 198 198
29b_28_03_Plate7_F2 286 286 361 389 117 125 310 310 245 317 238 238 284 336 214 214 201 201 256 256 249 249 308 312 194 208
29b_36_04_Plate5_F2 278 286 357 389 117 129 244 310 245 331 232 236 284 284 208 214 193 201 268 268 218 249 308 324 190 198
29b_20_01_Plate7_E8 286 286 389 389 117 125 310 310 245 257 232 238 284 336 214 228 201 205 256 256 249 249 308 312 190 198
29b_40_03_Plate2_E3 278 286 329 344 125 147 310 312 245 257 236 238 284 336 214 228 205 209 268 316 249 249 308 308 194 208
29b_20_04_Plate2_E2 278 286 329 389 117 117 222 310 317 350 224 238 284 284 214 214 201 201 256 316 249 249 308 348 194 194
29b_36_01_Plate3_D7 286 286 329 389 117 125 234 310 311 317 224 236 284 284 214 214 201 201 268 268 249 249 308 312 194 201
29b_32_03_Plate6_C12 278 294 349 389 125 125 310 310 245 325 186 236 284 336 214 228 201 205 268 268 249 253 308 312 0 0
29b_28_04_Plate6_C11 286 286 349 389 125 147 310 310 317 325 236 238 284 284 214 228 205 209 268 268 249 253 308 308 0 0
29b_40_02_Plate4_C1 286 290 329 329 117 127 0 0 245 313 236 238 284 284 214 214 201 201 256 256 249 265 308 308 194 208
29b_20_02_Plate3_B9 278 278 389 389 117 151 310 310 245 317 224 236 284 284 214 228 201 205 256 268 253 273 308 308 190 198
29b_40_04_Plate4_A4 278 286 389 397 125 125 202 310 245 313 236 238 284 284 214 218 201 205 256 268 249 249 308 308 190 194
29b_40_01_Plate1_A3 278 278 329 389 125 125 234 310 317 319 236 238 284 284 214 228 201 205 256 268 249 253 308 308 194 198
29b_36_02_Plate1_G2 278 286 389 389 117 117 310 310 245 325 224 238 284 284 214 214 201 205 256 268 249 253 308 348 194 198
29b_32_02_Plate1_G1 278 290 329 389 117 125 310 310 317 325 224 236 284 284 214 228 189 201 268 268 245 253 308 312 194 194
29b_24_04_Plate1_F12 278 286 329 349 125 125 304 310 245 307 238 238 284 332 214 228 193 205 256 316 249 253 308 308 190 198
29b_20_03_Plate1_G11 286 286 389 389 125 147 240 310 245 317 238 242 284 336 218 228 201 205 256 256 249 276 308 312 194 208
30a_20_05_Plate7_H10 286 290 357 389 125 125 202 312 325 327 224 242 284 284 218 218 201 201 256 316 214 249 308 345 208 208
30a_32_01_Plate3_H9 286 290 344 357 117 125 202 312 327 339 186 242 284 332 218 228 201 201 256 256 249 269 308 308 194 194
30a_40_01_Plate4_H2 286 286 357 393 123 123 202 310 311 327 238 242 284 284 214 218 201 201 268 310 214 257 324 348 194 208
30a_24_03_Plate2_H2 290 290 357 389 117 117 202 222 245 327 238 242 284 332 214 228 201 201 256 268 214 249 308 308 194 208
30a_24_01_Plate2_G12 286 286 357 389 117 117 202 312 307 327 242 247 284 332 214 228 197 201 268 268 214 249 308 308 190 194
30a_28_03_Plate6_G11 286 286 349 357 117 117 202 262 313 327 238 242 284 284 214 218 201 201 256 268 249 249 308 308 194 201
30a_32_02_Plate3_F12 286 290 357 393 117 117 202 226 327 327 236 242 284 284 214 218 201 201 256 268 214 253 308 324 208 208
30a_36_04_Plate7_F9 286 290 349 357 125 125 222 310 257 325 186 242 332 332 224 228 201 201 268 268 214 249 308 338 190 194
30a_40_02_Plate7_F8 286 290 357 389 117 129 202 310 257 262 238 242 284 332 214 228 201 201 256 268 249 249 308 308 194 194
30a_24_04_Plate2_F8 286 286 357 361 117 127 202 312 311 327 224 242 336 336 214 228 201 201 256 268 214 265 308 324 190 194
30a_36_02_Plate7_D6 286 294 389 389 117 127 0 0 0 0 0 0 0 0 0 0 201 201 256 268 249 249 308 308 190 194
30a_28_02_Plate6_D3 286 286 344 357 117 147 310 310 257 311 224 242 332 336 228 228 201 201 268 316 249 253 308 308 0 0
30a_36_05_Plate2_C9 286 290 329 357 117 117 310 310 257 313 242 247 336 336 214 218 193 201 256 268 249 249 324 341 194 194
30a_36_03_Plate4_C6 286 286 357 389 127 127 202 310 323 327 236 242 336 336 218 218 201 201 256 256 249 276 308 308 198 208
30a_32_03_Plate5_C2 278 286 349 357 125 125 234 310 257 327 242 247 336 336 214 228 201 201 256 316 214 265 308 312 201 208
30a_20_01_Plate4_B11 286 290 357 389 147 147 202 202 319 327 238 242 284 284 218 218 193 201 256 256 249 249 312 324 194 208
30a_40_04_Plate3_B7 286 290 344 357 117 129 222 310 253 257 224 242 284 284 222 228 197 201 256 316 249 249 312 324 196 208
30a_28_04_Plate7_A10 290 290 357 389 117 125 310 310 257 327 224 242 284 284 214 218 201 201 268 316 214 269 308 345 190 194
30a_20_03_Plate7_A6 286 290 329 357 125 125 310 312 257 257 238 242 332 332 214 228 193 201 256 268 218 249 308 348 194 194
30a_20_04_Plate5_A4 278 286 338 357 117 117 202 310 247 327 236 242 284 284 218 218 201 201 268 268 214 249 308 312 194 208
30a_20_02_Plate2_A4 286 286 329 357 117 147 202 222 327 336 236 242 284 332 224 228 201 201 268 268 214 249 308 324 190 208
30a_36_01_Plate5_A2 286 286 357 389 117 117 310 312 257 313 238 242 332 339 214 228 201 209 268 268 249 249 308 312 198 208
30a_32_04_Plate1_C7 286 290 357 389 117 117 222 310 245 257 242 242 284 332 222 228 201 201 268 268 214 249 308 312 194 208
30a_28_01_Plate1_D6 290 290 349 357 117 117 202 310 245 327 242 242 332 332 214 228 201 201 256 256 214 249 308 312 190 194
30a_24_02_Plate1_G5 286 286 357 361 117 125 240 310 257 313 224 242 332 332 224 228 193 201 268 268 214 253 324 348 208 208
31a_24_03_Plate7_H8 290 294 349 393 125 127 258 312 313 331 186 186 284 332 214 218 193 201 256 316 245 245 308 348 194 208
31a_28_04_Plate6_H6 290 290 357 389 117 125 310 312 313 327 224 242 284 332 222 230 201 205 268 316 249 269 308 312 194 194
31a_28_02_Plate3_H3 290 294 389 393 125 125 258 312 245 313 186 224 284 284 214 230 193 201 256 316 249 253 308 308 190 194
31a_24_02_Plate2_H2 290 290 389 393 125 147 222 312 245 313 224 242 284 284 228 230 201 201 256 268 245 276 308 312 194 208
31a_20_05_Plate4_G11 290 294 357 393 125 129 222 222 247 307 238 242 284 332 218 230 193 201 268 294 245 249 308 308 194 194
31a_20_04_Plate4_G2 286 290 344 393 125 147 222 310 245 307 242 242 284 339 214 230 201 201 268 294 245 269 308 308 194 208
31a_40_02_Plate7_F7 286 290 329 357 117 125 222 222 307 311 224 242 284 284 214 230 201 201 268 268 249 249 308 348 190 194
31a_28_05_Plate7_F3 286 290 357 389 125 147 222 312 307 327 186 242 284 332 224 230 201 201 256 268 249 253 308 312 198 208
31a_36_03_Plate2_F3 286 290 349 357 125 127 222 312 307 339 186 253 284 339 214 230 193 201 256 289 245 249 308 308 190 194
31a_36_02_Plate4_E3 290 290 393 393 125 125 312 312 313 323 242 242 332 336 218 218 193 197 256 268 245 249 308 308 194 208
31a_40_01_Plate3_D8 286 290 389 393 125 129 222 312 313 339 186 242 332 336 214 218 201 201 256 268 245 249 308 308 208 208
31a_36_05_Plate6_D6 278 290 357 393 125 125 222 222 307 313 242 247 332 336 218 230 193 201 268 268 245 265 308 308 194 208
31a_40_03_Plate3_D6 286 290 344 393 125 125 222 312 311 313 186 247 332 336 214 218 201 201 256 256 249 249 308 312 194 194
31a_28_01_Plate5_C6 278 290 329 393 117 147 202 222 257 307 238 242 284 332 214 218 193 201 268 316 245 269 308 308 190 194
31a_20_03_Plate5_C4 278 290 357 389 125 147 274 310 247 319 224 236 284 284 208 228 193 205 268 268 249 265 312 324 190 194
31a_20_02_Plate5_C1 290 294 389 393 125 147 310 312 313 336 186 238 284 284 214 230 201 201 256 256 245 261 308 312 190 208
31a_36_04_Plate6_B7 290 294 329 393 115 125 222 316 307 323 186 236 284 284 218 224 197 201 256 316 214 249 308 312 190 194
31a_24_01_Plate3_B3 286 290 329 357 125 131 312 312 313 313 186 242 284 336 230 234 201 201 268 316 245 249 308 312 208 208
31a_40_04_Plate2_B2 290 294 329 393 125 147 310 312 307 313 186 247 284 284 216 218 193 201 256 256 245 249 304 308 194 196
31a_24_05_Plate6_A4 286 290 357 357 125 125 222 222 307 323 186 242 332 336 218 222 201 201 256 268 249 249 308 308 0 0
31a_36_01_Plate1_A1 290 290 357 357 123 125 310 312 313 325 242 242 284 332 216 230 201 201 268 316 249 249 308 312 194 194
31a_28_03_Plate1_H12 286 290 338 357 131 147 222 222 307 319 242 242 284 332 214 230 193 201 268 316 245 249 308 348 190 194
31a_24_04_Plate1_F11 286 290 389 393 125 129 222 312 345 307 186 236 284 332 214 230 189 193 256 292 249 249 308 308 208 208
31a_20_01_Plate1_B10 286 290 344 357 117 125 310 312 245 313 238 242 284 332 214 218 193 193 268 268 245 249 308 324 194 208
32a_36_02_Plate5_H12 286 290 349 393 117 125 222 307 323 331 236 238 284 336 214 230 193 209 268 316 249 265 308 312 194 208
32a_32_05_Plate3_H5 286 290 329 344 117 125 222 222 245 323 236 236 284 336 214 230 193 201 268 316 245 269 308 308 208 208
32a_32_04_Plate6_G12 286 290 329 329 125 125 222 312 313 323 236 238 336 336 214 230 205 209 256 316 249 269 308 353 194 198
32a_40_08_Plate2_G5 286 290 344 393 117 117 307 310 245 323 236 238 336 336 218 230 201 209 262 316 249 269 312 312 194 208
32a_32_03_Plate2_G4 286 290 393 393 125 125 307 310 323 323 236 242 332 336 228 228 193 201 256 316 249 269 312 348 190 198
32a_32_02_Plate2_G2 286 286 329 393 125 131 307 310 311 323 186 236 284 336 230 230 201 209 256 316 218 249 308 312 198 198
32a_32_07_Plate6_F10 286 286 329 338 117 125 202 307 323 331 186 236 284 336 214 228 193 209 268 316 249 269 308 308 198 198
32a_28_07_Plate3_F8 286 286 389 393 125 125 222 312 323 325 236 238 284 336 228 230 201 209 256 316 249 261 308 312 194 198
32a_40_04_Plate3_F6 286 286 329 329 125 129 222 316 317 323 236 236 284 336 230 230 201 209 256 316 249 257 308 308 198 208
32a_28_05_Plate7_F4 286 286 389 393 125 147 307 316 311 323 186 236 336 336 214 228 201 209 294 316 249 276 312 312 194 198
32a_36_01_Plate2_F2 286 290 389 393 125 125 222 312 323 323 186 236 284 336 214 230 193 201 268 316 249 265 308 308 190 208
32a_28_04_Plate3_F1 286 286 329 344 125 125 0 0 245 245 236 236 336 336 0 0 193 209 268 316 253 269 312 312 208 208
32a_28_02_Plate5_E12 286 286 329 329 117 125 307 307 323 323 186 236 332 336 214 228 201 209 268 316 253 269 312 312 198 198
32a_40_05_Plate2_D7 286 294 329 344 117 117 222 310 323 327 186 236 332 336 214 230 193 193 268 316 249 253 308 308 194 208
32a_28_06_Plate3_C9 286 286 329 349 117 125 307 307 257 323 236 238 284 336 214 228 193 201 310 316 249 249 312 324 198 208
32a_32_06_Plate3_C7 286 290 329 389 117 117 202 222 311 323 186 236 332 336 214 228 193 201 256 316 265 269 308 308 198 208
32a_40_01_Plate3_C6 286 294 329 389 125 125 220 307 323 323 236 242 336 336 212 228 193 209 256 316 249 269 312 312 190 198
32a_40_02_Plate7_B5 286 286 329 393 117 147 222 258 245 323 236 242 284 336 216 230 209 225 268 316 249 273 308 312 194 198
32a_28_01_Plate6_B5 286 286 389 393 117 125 222 310 250 323 224 236 284 336 214 228 193 193 268 316 0 0 0 0 0 0
32a_40_03_Plate3_B5 286 294 329 349 117 117 222 312 323 323 186 236 284 336 214 228 197 209 268 316 249 249 308 308 194 198
32a_40_06_Plate7_A9 278 286 357 393 117 117 222 307 245 323 236 238 284 336 224 228 193 213 268 316 249 269 308 312 194 198
32a_40_07_Plate1_H6 286 286 329 389 125 131 222 310 311 323 236 242 284 336 230 230 201 209 256 316 249 269 308 312 194 208
32a_32_01_Plate1_B4 278 286 329 389 125 125 226 307 245 323 224 236 336 336 212 230 193 201 268 316 253 269 308 308 194 208
32a_28_08_Plate1_B5 286 286 389 393 117 147 253 307 245 323 236 242 284 336 220 230 193 209 268 316 249 249 308 308 198 208
32a_28_03_Plate1_B3 286 286 329 329 125 125 307 312 323 323 236 236 336 336 214 214 193 217 256 316 214 249 308 308 190 198
34b_40_03_Plate6_G10 286 294 389 389 125 131 222 310 311 325 242 242 284 336 214 234 197 201 268 298 218 245 308 308 0 0
34b_20_04_Plate5_G9 286 286 389 389 125 125 304 310 317 325 186 242 284 284 214 228 197 201 256 316 253 261 308 308 190 194
34b_28_01_Plate7_G6 290 294 344 389 117 125 222 310 323 327 186 242 284 336 214 230 193 201 256 268 245 249 308 312 190 194
34b_20_02_Plate2_G3 286 294 357 389 125 129 258 310 311 323 186 242 284 284 214 234 193 193 256 256 245 249 308 312 194 194
34b_20_05_Plate4_G1 286 290 389 389 125 147 310 310 313 323 186 242 284 284 214 234 193 197 256 268 253 265 312 312 190 208
34b_36_02_Plate2_F1 290 294 349 389 125 125 310 310 317 323 186 242 284 336 220 234 197 201 268 310 214 245 308 312 190 190
34b_36_01_Plate7_E12 286 286 389 389 117 125 258 310 323 325 242 249 284 284 224 234 193 201 256 268 253 273 308 308 190 194
34b_28_05_Plate5_E6 286 294 389 389 125 125 244 310 323 334 236 242 284 336 228 234 193 201 268 316 245 265 312 324 194 194
34b_32_05_Plate7_D10 286 286 389 389 125 147 262 310 245 325 242 242 284 284 214 214 193 197 268 268 245 249 308 312 190 194
34b_32_03_Plate7_D5 294 294 349 389 147 147 202 310 323 325 230 242 284 284 214 224 193 201 256 256 249 253 312 324 190 190
34b_28_04_Plate4_D5 286 286 344 389 147 147 310 312 307 325 242 242 284 336 234 234 193 201 256 256 249 253 312 348 194 198
34b_36_03_Plate7_C10 286 290 361 389 119 125 310 312 262 325 224 242 284 284 214 218 197 201 268 268 249 253 312 312 190 194
34b_20_06_Plate2_C7 286 294 344 389 117 125 238 310 323 323 242 242 284 332 214 214 197 201 268 316 253 269 308 308 190 194
34b_36_05_Plate6_C6 286 286 389 389 125 147 310 310 323 323 242 242 284 284 214 214 189 197 256 268 245 265 0 0 0 0
34b_28_02_Plate7_C5 286 286 389 389 125 151 240 310 247 325 186 242 284 336 214 230 197 201 268 268 245 249 308 312 190 194
34b_40_02_Plate4_C3 286 294 349 389 125 125 310 310 257 325 242 242 284 284 214 218 193 201 268 268 245 249 312 324 190 194
34b_20_03_Plate7_C1 278 294 349 389 125 125 310 312 325 336 238 242 284 336 214 218 193 209 262 268 245 269 308 312 190 194
34b_28_03_Plate2_B8 286 294 349 389 117 147 258 310 313 325 242 242 284 284 214 228 193 217 268 268 249 253 308 308 190 194
34b_32_01_Plate4_B7 278 286 389 389 125 125 310 312 319 325 186 242 284 336 214 218 193 197 268 316 245 269 308 312 190 190
34b_32_04_Plate4_B6 286 294 357 389 125 147 310 310 323 327 224 242 284 336 214 234 193 201 268 268 253 253 308 312 190 194
34b_40_01_Plate6_B3 286 286 357 389 115 125 310 312 325 325 186 242 284 284 224 234 193 193 256 316 245 269 312 324 0 0
34b_36_04_Plate5_A7 286 294 344 389 125 125 310 310 313 325 242 242 284 284 214 214 193 201 256 268 245 273 308 324 190 190
34b_20_01_Plate2_A7 286 294 349 389 125 125 247 310 325 325 224 242 284 336 224 234 197 201 256 268 245 253 308 312 190 194
34b_40_04_Plate1_D11 286 286 349 389 125 147 310 310 313 325 242 242 284 336 214 234 193 201 256 268 245 253 312 312 190 194
34b_32_02_Plate1_H9 286 294 389 389 125 125 222 310 323 325 242 242 284 284 214 214 193 193 268 274 245 253 308 312 190 194
